y	m	P	Evp	Tem	Qobs
1955	1	6.83 	16.36 	-19.09 	42
1955	2	6.42 	27.15 	-8.40 	56.3
1955	3	16.10 	65.60 	-2.63 	67
1955	4	35.65 	85.83 	0.91 	94.2
1955	5	74.92 	110.42 	5.84 	232
1955	6	50.08 	116.91 	8.83 	174
1955	7	119.67 	112.27 	12.35 	308
1955	8	87.47 	120.77 	12.08 	301
1955	9	143.07 	72.14 	8.76 	352
1955	10	47.80 	39.99 	3.32 	310
1955	11	6.17 	32.82 	-5.73 	149
1955	12	2.50 	25.42 	-9.61 	80.5
1956	1	13.62 	18.20 	-14.75 	55.1
1956	2	2.17 	43.51 	-9.23 	60.4
1956	3	18.73 	68.62 	-2.46 	60.7
1956	4	39.55 	94.69 	2.85 	97.2
1956	5	37.23 	107.11 	4.92 	81.9
1956	6	95.38 	92.83 	9.82 	145
1956	7	76.53 	116.65 	10.52 	182
1956	8	107.35 	106.68 	10.05 	196
1956	9	37.83 	101.64 	6.93 	165
1956	10	29.05 	54.90 	0.23 	127
1956	11	4.05 	36.75 	-7.64 	70.5
1956	12	6.95 	23.67 	-12.69 	42.9
1957	1	10.70 	19.78 	-12.75 	36.9
1957	2	9.55 	30.82 	-10.95 	34.9
1957	3	10.18 	86.90 	-3.36 	50.4
1957	4	47.42 	99.89 	2.47 	70.7
1957	5	93.40 	92.65 	5.47 	216
1957	6	53.15 	120.20 	8.71 	140
1957	7	131.38 	103.07 	11.04 	195
1957	8	54.78 	115.51 	9.86 	131
1957	9	60.94 	55.09 	6.48 	134
1957	10	26.38 	61.90 	-2.06 	97.4
1957	11	7.34 	30.93 	-5.10 	61.4
1957	12	3.18 	24.08 	-10.50 	43.9
1958	1	7.64 	24.68 	-14.98 	35.4
1958	2	5.18 	37.62 	-11.79 	39.7
1958	3	7.84 	89.63 	-4.26 	44.1
1958	4	21.72 	116.92 	2.24 	44.4
1958	5	77.34 	114.91 	5.97 	93.2
1958	6	82.94 	103.59 	9.88 	198
1958	7	96.00 	129.81 	11.93 	136
1958	8	153.80 	76.29 	11.30 	378
1958	9	94.68 	72.06 	7.53 	334
1958	10	41.62 	44.46 	0.80 	307
1958	11	8.44 	29.19 	-4.23 	148
1958	12	5.56 	21.67 	-10.33 	87.4
1959	1	9.74 	24.11 	-14.26 	57.3
1959	2	16.90 	25.43 	-9.58 	59
1959	3	22.18 	59.74 	-3.45 	69.1
1959	4	14.24 	112.45 	1.59 	96.5
1959	5	86.70 	81.56 	3.62 	170
1959	6	61.15 	99.85 	7.69 	202
1959	7	111.43 	118.68 	11.15 	233
1959	8	189.07 	91.68 	10.38 	630
1959	9	63.23 	81.60 	3.42 	332
1959	10	29.13 	69.91 	-0.68 	161
1959	11	5.92 	42.93 	-5.60 	100
1959	12	5.85 	31.38 	-12.27 	66.6
1960	1	3.53 	32.35 	-15.94 	48.9
1960	2	6.68 	44.52 	-10.35 	51.7
1960	3	16.88 	77.56 	-3.30 	60.1
1960	4	56.20 	79.76 	-0.09 	70.4
1960	5	86.62 	107.49 	4.27 	116
1960	6	58.17 	99.72 	8.36 	123
1960	7	126.62 	101.99 	10.39 	225
1960	8	102.82 	96.39 	9.57 	333
1960	9	97.63 	85.46 	6.69 	209
1960	10	39.90 	39.34 	-0.96 	365
1960	11	17.28 	30.42 	-6.15 	152
1960	12	3.52 	30.30 	-13.44 	82.9
1961	1	6.10 	29.61 	-15.35 	55.8
1961	2	13.47 	25.82 	-12.29 	55.3
1961	3	31.47 	42.98 	-4.37 	86.2
1961	4	33.65 	87.40 	0.15 	155
1961	5	48.47 	121.62 	2.88 	192
1961	6	80.78 	110.02 	8.63 	179
1961	7	84.95 	113.52 	11.04 	294
1961	8	131.87 	94.03 	10.96 	228
1961	9	121.18 	68.15 	4.86 	318
1961	10	93.22 	41.41 	2.03 	526
1961	11	16.30 	26.18 	-5.98 	228
1961	12	6.00 	21.72 	-13.62 	110
1962	1	5.92 	21.82 	-16.00 	77.2
1962	2	6.05 	41.19 	-10.93 	80.7
1962	3	5.93 	67.05 	-7.81 	74.9
1962	4	16.55 	101.17 	-1.24 	84.9
1962	5	41.70 	107.11 	3.70 	74.6
1962	6	60.60 	110.06 	6.73 	114
1962	7	142.25 	86.59 	10.31 	324
1962	8	69.03 	107.78 	8.73 	229
1962	9	78.32 	72.57 	5.70 	176
1962	10	63.22 	41.12 	1.99 	317
1962	11	19.22 	27.10 	-6.58 	153
1962	12	4.43 	22.32 	-12.53 	79.3
1963	1	0.33 	32.51 	-18.54 	50.5
1963	2	4.08 	41.81 	-13.29 	60.6
1963	3	11.00 	71.04 	-5.73 	66.3
1963	4	37.77 	90.74 	0.55 	84.3
1963	5	109.37 	100.30 	5.60 	201
1963	6	75.88 	96.38 	6.42 	219
1963	7	104.82 	91.49 	9.17 	278
1963	8	64.30 	107.82 	9.56 	230
1963	9	96.78 	68.05 	7.43 	352
1963	10	43.25 	57.96 	-0.23 	317
1963	11	15.67 	35.02 	-6.59 	142
1963	12	3.95 	26.59 	-13.78 	82
1964	1	14.25 	19.01 	-15.22 	56.7
1964	2	14.53 	29.94 	-11.82 	60.6
1964	3	18.32 	74.61 	-4.59 	76.6
1964	4	63.33 	100.47 	2.53 	135
1964	5	115.95 	90.46 	5.48 	340
1964	6	78.33 	87.59 	6.94 	290
1964	7	175.10 	88.42 	10.08 	680
1964	8	134.82 	96.02 	9.46 	439
1964	9	100.85 	60.84 	7.57 	453
1964	10	50.07 	51.52 	3.28 	378
1964	11	5.27 	32.62 	-5.88 	187
1964	12	6.55 	23.93 	-12.74 	103
1965	1	1.17 	33.65 	-14.56 	71.7
1965	2	11.10 	34.83 	-10.59 	69.9
1965	3	17.08 	62.76 	-5.77 	68.3
1965	4	61.13 	92.68 	1.25 	145
1965	5	58.93 	101.55 	3.98 	180
1965	6	54.08 	93.49 	7.02 	138
1965	7	101.40 	97.23 	9.29 	187
1965	8	48.22 	110.49 	7.85 	136
1965	9	49.32 	74.50 	5.48 	103
1965	10	55.70 	59.21 	-0.44 	129
1965	11	11.13 	33.79 	-6.71 	74.7
1965	12	7.37 	23.53 	-14.53 	43
1966	1	3.18 	34.99 	-14.81 	36.8
1966	2	6.90 	39.94 	-11.59 	40.4
1966	3	14.68 	80.06 	-4.61 	48.7
1966	4	27.22 	99.97 	0.69 	61.5
1966	5	57.67 	112.46 	4.36 	80.3
1966	6	60.57 	121.63 	6.79 	73.1
1966	7	117.57 	82.24 	11.65 	284
1966	8	131.58 	98.52 	10.56 	404
1966	9	108.90 	50.68 	5.79 	600
1966	10	43.13 	50.20 	0.15 	327
1966	11	7.67 	30.35 	-8.10 	161
1966	12	5.63 	25.81 	-12.77 	92.2
1967	1	6.19 	23.50 	-15.88 	58.4
1967	2	10.24 	30.29 	-12.70 	61
1967	3	37.59 	53.25 	-5.81 	78.4
1967	4	48.71 	62.02 	-0.74 	141
1967	5	143.57 	74.97 	6.21 	456
1967	6	91.17 	82.33 	6.15 	314
1967	7	119.33 	100.70 	9.35 	427
1967	8	172.59 	79.66 	10.82 	430
1967	9	129.73 	55.62 	5.39 	843
1967	10	42.69 	36.22 	0.49 	448
1967	11	24.09 	25.15 	-7.24 	236
1967	12	5.06 	21.38 	-15.70 	114
1968	1	5.92 	22.22 	-15.09 	87.6
1968	2	10.17 	28.60 	-13.96 	87.8
1968	3	16.83 	59.70 	-5.25 	97.8
1968	4	29.66 	93.03 	-1.36 	130
1968	5	66.86 	92.18 	3.74 	259
1968	6	83.44 	97.00 	6.16 	154
1968	7	105.73 	99.90 	8.11 	258
1968	8	137.57 	79.53 	7.55 	404
1968	9	107.63 	64.26 	6.31 	639
1968	10	44.09 	44.96 	-0.61 	275
1968	11	10.34 	31.16 	-6.73 	156
1968	12	4.21 	27.58 	-11.17 	98.9
1969	1	7.49 	28.76 	-14.38 	70.7
1969	2	8.70 	38.02 	-12.15 	66.2
1969	3	13.96 	80.90 	-5.26 	70
1969	4	42.30 	94.69 	-0.39 	81
1969	5	63.54 	110.27 	4.40 	166
1969	6	53.34 	99.09 	5.91 	109
1969	7	93.17 	105.50 	9.42 	113
1969	8	73.56 	98.29 	7.77 	160
1969	9	81.47 	70.71 	5.82 	128
1969	10	26.61 	60.29 	0.04 	177
1969	11	8.57 	32.78 	-8.62 	77.2
1969	12	2.20 	26.89 	-15.35 	50.1
1970	1	9.30 	21.82 	-17.18 	45.7
1970	2	9.50 	31.83 	-11.73 	45.4
1970	3	23.99 	52.97 	-6.41 	50.9
1970	4	62.77 	73.66 	-2.14 	110
1970	5	69.60 	99.67 	4.27 	209
1970	6	80.90 	97.20 	5.19 	211
1970	7	85.83 	107.00 	9.47 	143
1970	8	151.56 	91.23 	9.20 	300
1970	9	90.69 	68.38 	5.54 	333
1970	10	29.43 	52.85 	-1.42 	214
1970	11	7.50 	33.26 	-7.73 	106
1970	12	3.20 	26.65 	-12.77 	63
1971	1	9.03 	22.54 	-16.10 	45
1971	2	7.19 	36.85 	-12.51 	53.9
1971	3	11.51 	84.25 	-4.96 	54.5
1971	4	38.19 	94.03 	0.00 	69.9
1971	5	65.90 	103.23 	2.49 	93.6
1971	6	64.93 	107.35 	5.92 	76.7
1971	7	80.63 	123.14 	10.09 	113
1971	8	91.93 	110.75 	9.43 	73.7
1971	9	127.24 	50.23 	6.68 	193
1971	10	53.86 	39.25 	0.27 	241
1971	11	16.87 	26.83 	-7.79 	107
1971	12	2.61 	25.85 	-14.15 	58.6
1972	1	4.01 	29.21 	-13.26 	44.4
1972	2	17.50 	28.30 	-12.34 	46.9
1972	3	14.67 	70.18 	-4.20 	60.8
1972	4	37.89 	86.49 	-0.98 	78.3
1972	5	79.89 	97.02 	4.68 	140
1972	6	81.61 	100.68 	6.56 	168
1972	7	102.44 	101.57 	10.31 	204
1972	8	96.84 	127.87 	9.96 	140
1972	9	39.44 	77.36 	3.93 	154
1972	10	19.84 	56.64 	-2.28 	89.9
1972	11	9.87 	37.43 	-9.69 	55.1
1972	12	5.11 	28.52 	-13.96 	40.2
1973	1	7.54 	26.15 	-13.91 	35.1
1973	2	5.64 	44.13 	-11.07 	37.2
1973	3	19.06 	68.72 	-3.97 	42.3
1973	4	53.54 	99.22 	-0.26 	50.8
1973	5	96.60 	84.72 	3.95 	165
1973	6	85.23 	86.94 	5.88 	147
1973	7	122.19 	110.98 	7.93 	174
1973	8	163.91 	97.64 	9.22 	445
1973	9	56.07 	71.36 	5.51 	351
1973	10	53.11 	45.62 	0.10 	267
1973	11	5.31 	34.20 	-7.83 	120
1973	12	0.61 	26.48 	-14.04 	70.3
1974	1	7.70 	26.00 	-15.10 	54.9
1974	2	11.76 	33.12 	-11.57 	52.2
1974	3	25.41 	53.43 	-5.82 	63.1
1974	4	29.83 	100.10 	-0.56 	88.5
1974	5	69.43 	91.07 	4.06 	123
1974	6	62.69 	101.37 	7.03 	108
1974	7	77.57 	112.61 	8.34 	92.7
1974	8	67.64 	109.98 	8.17 	94.9
1974	9	100.71 	61.29 	5.56 	197
1974	10	63.79 	48.24 	0.60 	214
1974	11	14.11 	30.99 	-4.92 	94.9
1974	12	13.94 	20.04 	-11.82 	64.3
1975	1	7.51 	23.12 	-14.62 	45.4
1975	2	9.47 	35.14 	-10.73 	50
1975	3	13.00 	68.67 	-4.51 	53.7
1975	4	36.34 	90.13 	-0.56 	54
1975	5	80.16 	84.62 	3.48 	172
1975	6	61.06 	90.45 	7.42 	115
1975	7	123.64 	93.64 	9.57 	214
1975	8	102.81 	105.01 	9.18 	250
1975	9	117.34 	57.42 	7.46 	354
1975	10	65.01 	43.01 	1.96 	385
1975	11	16.01 	22.62 	-5.52 	178
1975	12	5.66 	19.75 	-16.44 	73
1976	1	3.11 	23.94 	-15.56 	49.2
1976	2	11.29 	35.58 	-10.10 	52.1
1976	3	21.74 	51.18 	-5.93 	71
1976	4	33.97 	86.01 	-0.98 	111
1976	5	79.91 	104.76 	3.81 	132
1976	6	101.26 	86.34 	7.27 	273
1976	7	80.30 	89.46 	7.86 	232
1976	8	187.00 	71.32 	8.36 	676
1976	9	82.77 	64.82 	5.41 	483
1976	10	23.31 	55.96 	-0.98 	218
1976	11	5.59 	33.54 	-8.64 	113
1976	12	1.61 	26.78 	-13.72 	72.6
1977	1	9.36 	20.80 	-15.78 	52.2
1977	2	9.00 	32.26 	-13.70 	53.7
1977	3	18.13 	57.69 	-6.27 	66.5
1977	4	56.33 	81.94 	0.10 	121
1977	5	68.09 	86.64 	2.59 	221
1977	6	67.10 	91.34 	5.46 	170
1977	7	116.03 	113.42 	9.45 	266
1977	8	87.83 	110.99 	8.53 	216
1977	9	70.89 	78.88 	6.20 	146
1977	10	43.53 	51.78 	-0.60 	112
1977	11	20.43 	26.46 	-7.98 	82.8
1977	12	8.10 	20.32 	-12.80 	61.4
1978	1	3.33 	25.70 	-16.84 	29.7
1978	2	6.34 	39.22 	-12.48 	26.6
1978	3	35.34 	51.17 	-5.13 	61.7
1978	4	18.06 	96.55 	-0.49 	99.7
1978	5	55.07 	110.61 	4.27 	80
1978	6	93.83 	96.88 	6.21 	190
1978	7	162.47 	96.28 	9.29 	210
1978	8	137.63 	93.91 	9.28 	433
1978	9	120.81 	61.76 	4.82 	803
1978	10	69.33 	46.91 	0.07 	301
1978	11	14.13 	26.62 	-4.85 	166
1978	12	2.59 	26.85 	-11.66 	115
1979	1	5.59 	28.72 	-14.23 	72.6
1979	2	6.34 	37.04 	-11.23 	63.4
1979	3	18.96 	62.98 	-5.76 	71
1979	4	27.36 	98.26 	0.24 	98.8
1979	5	50.26 	114.33 	4.27 	76.9
1979	6	63.44 	114.93 	6.63 	97.1
1979	7	187.87 	84.62 	8.93 	261
1979	8	192.00 	77.19 	10.54 	702
1979	9	79.17 	62.73 	5.55 	512
1979	10	24.23 	57.98 	-0.86 	291
1979	11	14.03 	35.03 	-8.24 	153
1979	12	3.04 	23.46 	-12.36 	97.5
1980	1	6.80 	25.87 	-15.74 	65.2
1980	2	11.20 	33.11 	-11.61 	61.9
1980	3	22.09 	58.01 	-4.40 	86.5
1980	4	23.07 	98.41 	-0.59 	94.2
1980	5	54.11 	108.70 	3.44 	87.2
1980	6	82.70 	86.93 	6.30 	121
1980	7	90.37 	97.49 	8.83 	197
1980	8	95.56 	91.38 	8.60 	178
1980	9	71.54 	74.21 	4.92 	238
1980	10	30.86 	53.83 	0.40 	185
1980	11	1.93 	39.57 	-6.51 	94.2
1980	12	1.00 	31.63 	-13.73 	58.5
1981	1	9.79 	19.88 	-15.41 	38
1981	2	5.03 	39.80 	-10.88 	41.5
1981	3	25.79 	61.66 	-5.26 	51.3
1981	4	43.69 	76.86 	0.37 	91.7
1981	5	41.79 	119.59 	2.79 	56.9
1981	6	99.29 	85.92 	8.20 	158
1981	7	126.09 	92.67 	10.88 	442
1981	8	126.91 	81.26 	10.91 	256
1981	9	105.69 	56.40 	5.69 	623
1981	10	24.71 	49.55 	-1.63 	310
1981	11	14.27 	28.65 	-7.67 	146
1981	12	5.84 	19.60 	-15.67 	84.3
1982	1	2.57 	28.37 	-13.82 	58.7
1982	2	15.36 	26.14 	-10.57 	63.4
1982	3	25.23 	52.03 	-4.36 	81.3
1982	4	49.53 	69.72 	-1.59 	158
1982	5	49.49 	94.92 	2.20 	199
1982	6	53.79 	90.10 	5.95 	157
1982	7	74.26 	104.51 	8.76 	136
1982	8	76.83 	107.69 	7.90 	99
1982	9	113.77 	50.47 	5.95 	253
1982	10	38.74 	51.13 	0.90 	232
1982	11	10.74 	25.72 	-6.91 	114
1982	12	4.17 	18.33 	-15.62 	65
1983	1	9.73 	17.26 	-17.67 	46.6
1983	2	7.76 	27.88 	-14.09 	47.7
1983	3	21.43 	49.12 	-7.46 	63.2
1983	4	55.66 	72.76 	-1.94 	131
1983	5	65.80 	95.46 	3.75 	193
1983	6	80.03 	79.99 	6.96 	200
1983	7	102.27 	81.15 	9.23 	256
1983	8	108.69 	101.93 	7.54 	226
1983	9	87.39 	68.25 	5.56 	185
1983	10	63.93 	40.37 	1.87 	321
1983	11	2.17 	32.48 	-7.46 	151
1983	12	4.40 	20.01 	-14.33 	80.1
1984	1	9.49 	15.66 	-17.10 	52.8
1984	2	8.80 	30.86 	-11.25 	57.4
1984	3	13.33 	62.24 	-6.65 	68.1
1984	4	38.49 	85.82 	-0.02 	101
1984	5	81.99 	80.74 	3.46 	124
1984	6	129.63 	89.52 	6.97 	400
1984	7	130.63 	84.22 	9.14 	473
1984	8	100.93 	101.69 	7.27 	409
1984	9	109.36 	62.94 	5.37 	300
1984	10	33.89 	40.43 	-0.08 	298
1984	11	7.40 	29.10 	-6.16 	141
1984	12	6.76 	19.10 	-12.17 	79.6
1985	1	6.84 	23.96 	-15.15 	60.3
1985	2	3.00 	37.36 	-12.36 	64.5
1985	3	14.37 	52.02 	-5.59 	68.5
1985	4	27.10 	100.57 	-0.84 	78.6
1985	5	87.67 	96.88 	4.59 	139
1985	6	91.56 	75.51 	6.88 	212
1985	7	106.26 	100.00 	7.78 	277
1985	8	118.56 	91.05 	9.65 	291
1985	9	104.37 	57.10 	5.00 	639
1985	10	47.30 	46.04 	0.00 	302
1985	11	4.27 	33.24 	-8.61 	149
1985	12	4.80 	26.52 	-14.60 	84.6
1986	1	2.93 	24.83 	-16.43 	56.2
1986	2	5.89 	36.77 	-12.57 	62.5
1986	3	18.03 	52.46 	-7.13 	75.2
1986	4	31.16 	71.02 	-0.35 	95
1986	5	83.20 	90.92 	4.57 	215
1986	6	125.09 	82.29 	7.38 	314
1986	7	105.39 	101.61 	8.30 	372
1986	8	82.39 	102.74 	7.33 	181
1986	9	47.87 	78.27 	3.98 	174
1986	10	21.71 	65.03 	-1.33 	104
1986	11	9.80 	30.59 	-7.70 	68.8
1986	12	5.97 	23.48 	-11.36 	58.4
1987	1	1.81 	31.04 	-15.07 	40.5
1987	2	6.33 	37.62 	-9.99 	46.9
1987	3	12.49 	71.09 	-5.77 	46.2
1987	4	40.06 	95.41 	-0.44 	50.6
1987	5	93.71 	86.82 	3.00 	187
1987	6	122.23 	80.29 	8.50 	343
1987	7	57.93 	100.01 	8.63 	251
1987	8	70.63 	111.76 	7.30 	142
1987	9	65.90 	72.94 	4.50 	126
1987	10	19.09 	60.91 	-0.84 	95
1987	11	4.34 	40.92 	-7.19 	59.4
1987	12	2.69 	27.49 	-13.63 	51.4
1988	1	4.39 	26.75 	-14.71 	44
1988	2	12.99 	34.54 	-11.59 	42.9
1988	3	27.10 	43.83 	-5.91 	48.4
1988	4	19.66 	87.97 	-1.03 	70.3
1988	5	99.69 	89.40 	4.23 	164
1988	6	72.30 	97.37 	7.00 	162
1988	7	100.54 	107.00 	9.96 	181
1988	8	93.06 	102.22 	8.95 	125
1988	9	80.31 	59.22 	5.63 	130
1988	10	63.77 	39.48 	1.56 	240
1988	11	5.40 	30.90 	-6.89 	121
1988	12	2.93 	27.18 	-12.98 	64
1989	1	5.83 	22.25 	-14.98 	43.6
1989	2	17.23 	23.42 	-11.65 	45.2
1989	3	22.06 	49.82 	-5.20 	69.7
1989	4	54.89 	64.96 	-0.26 	137
1989	5	36.91 	96.05 	3.70 	171
1989	6	107.40 	91.46 	7.93 	245
1989	7	133.56 	92.91 	10.12 	253
1989	8	90.63 	83.76 	9.24 	278
1989	9	56.83 	70.19 	6.49 	216
1989	10	51.54 	49.95 	0.80 	182
1989	11	13.29 	27.15 	-5.99 	124
1989	12	8.40 	22.12 	-12.40 	82.4
1990	1	5.49 	26.00 	-14.46 	49.3
1990	2	13.53 	27.40 	-11.10 	51.1
1990	3	30.91 	53.69 	-4.01 	76.6
1990	4	54.09 	73.99 	-0.75 	106
1990	5	67.90 	92.77 	2.66 	197
1990	6	71.39 	101.03 	5.81 	159
1990	7	95.87 	107.00 	9.27 	166
1990	8	100.56 	105.76 	8.26 	214
1990	9	82.73 	72.84 	5.35 	265
1990	10	38.89 	45.60 	-0.24 	175
1990	11	5.90 	37.02 	-6.55 	101
1990	12	0.99 	29.10 	-13.15 	68.1
1991	1	10.53 	24.41 	-15.34 	47
1991	2	12.96 	32.27 	-9.90 	47.5
1991	3	19.63 	57.32 	-4.17 	55.2
1991	4	36.56 	73.66 	-1.01 	65.4
1991	5	89.04 	99.58 	3.34 	119
1991	6	82.56 	97.18 	7.72 	196
1991	7	103.00 	119.32 	10.08 	98.8
1991	8	61.66 	116.27 	8.31 	97.1
1991	9	43.83 	80.12 	4.71 	92.7
1991	10	35.23 	52.24 	0.23 	87.7
1991	11	10.69 	29.75 	-8.17 	56.7
1991	12	7.26 	22.69 	-13.79 	45.6
1992	1	2.66 	22.80 	-17.44 	26.2
1992	2	9.01 	32.69 	-13.55 	32.7
1992	3	23.41 	43.87 	-4.97 	49.7
1992	4	18.64 	105.17 	-0.14 	74.5
1992	5	66.64 	92.01 	4.69 	77
1992	6	98.59 	99.96 	7.41 	153
1992	7	125.06 	99.36 	8.00 	252
1992	8	121.44 	93.25 	8.69 	385
1992	9	100.34 	64.20 	6.12 	313
1992	10	46.96 	41.67 	-1.36 	270
1992	11	6.20 	29.46 	-8.62 	119
1992	12	1.94 	24.79 	-13.29 	78.8
1993	1	14.61 	17.05 	-18.07 	57.9
1993	2	14.00 	30.49 	-8.69 	58
1993	3	25.74 	50.04 	-3.79 	78
1993	4	15.23 	92.13 	0.15 	97
1993	5	88.54 	91.89 	2.71 	128
1993	6	82.07 	92.22 	6.48 	270
1993	7	106.24 	86.67 	9.63 	242
1993	8	87.03 	83.33 	8.54 	198
1993	9	57.37 	74.68 	3.85 	137
1993	10	25.57 	50.73 	-0.77 	114
1993	11	7.44 	35.33 	-7.10 	71.9
1993	12	3.44 	26.12 	-13.32 	51.8
1994	1	12.44 	22.44 	-15.03 	38.3
1994	2	9.59 	30.31 	-10.50 	38.9
1994	3	16.67 	60.78 	-6.83 	53.8
1994	4	39.67 	85.35 	0.32 	113
1994	5	51.87 	116.13 	3.73 	113
1994	6	111.16 	85.29 	7.85 	194
1994	7	109.44 	107.82 	8.33 	268
1994	8	101.87 	105.11 	9.21 	178
1994	9	65.51 	63.14 	6.62 	127
1994	10	26.09 	44.60 	-1.15 	109
1994	11	8.23 	35.08 	-6.11 	68.6
1994	12	6.96 	22.36 	-12.17 	53.3
1995	1	7.66 	19.89 	-15.92 	34.2
1995	2	14.10 	25.57 	-12.84 	33.8
1995	3	22.39 	55.64 	-6.32 	55.4
1995	4	27.37 	70.98 	-0.89 	109
1995	5	37.47 	117.98 	4.25 	86.8
1995	6	56.91 	113.10 	7.08 	78.5
1995	7	123.17 	113.22 	9.18 	86.2
1995	8	163.73 	91.39 	8.68 	286
1995	9	56.86 	71.38 	6.82 	233
1995	10	47.54 	50.39 	0.76 	133
1995	11	7.29 	33.55 	-6.77 	77.8
1995	12	5.47 	22.59 	-12.80 	58.6
1996	1	6.73 	25.63 	-15.35 	34.9
1996	2	7.49 	34.93 	-11.62 	34
1996	3	19.09 	57.52 	-6.28 	53.7
1996	4	33.57 	69.14 	-0.78 	65.1
1996	5	56.14 	92.67 	4.17 	102
1996	6	99.03 	93.95 	6.38 	168
1996	7	134.47 	97.16 	9.69 	150
1996	8	68.44 	110.24 	8.95 	168
1996	9	58.89 	76.12 	5.02 	122
1996	10	38.43 	53.84 	-0.50 	93.1
1996	11	6.24 	30.16 	-6.48 	62.8
1996	12	0.94 	27.38 	-15.26 	42.9
1997	1	4.44 	27.06 	-15.49 	37.3
1997	2	9.76 	29.20 	-11.12 	32.6
1997	3	21.64 	58.34 	-3.98 	40.4
1997	4	40.20 	76.07 	-0.58 	82.9
1997	5	52.09 	95.62 	4.71 	113
1997	6	56.71 	109.33 	6.40 	68.2
1997	7	114.34 	111.91 	9.42 	180
1997	8	74.53 	106.92 	8.61 	150
1997	9	47.00 	81.76 	3.69 	94.4
1997	10	26.06 	57.22 	-1.04 	67.7
1997	11	8.73 	31.96 	-7.41 	48
1997	12	5.26 	21.12 	-14.67 	37.9
1998	1	3.93 	25.37 	-16.08 	28.6
1998	2	6.89 	35.44 	-9.68 	31.7
1998	3	26.24 	54.53 	-4.90 	39.2
1998	4	50.14 	101.43 	1.74 	77.2
1998	5	108.44 	91.55 	5.41 	192
1998	6	60.53 	112.87 	8.09 	122
1998	7	108.86 	97.37 	10.27 	166
1998	8	133.94 	89.59 	9.47 	202
1998	9	39.17 	87.78 	5.91 	165
1998	10	34.84 	53.45 	0.55 	125
1998	11	1.24 	41.81 	-7.47 	69.9
1998	12	2.70 	29.91 	-12.86 	53.3
1999	1	4.54 	28.19 	-14.42 	39.1
1999	2	2.67 	43.55 	-10.44 	38.9
1999	3	13.10 	68.05 	-4.66 	37.9
1999	4	27.14 	95.06 	0.64 	35.2
1999	5	65.66 	97.73 	3.55 	49.3
1999	6	99.80 	80.70 	8.86 	127
1999	7	168.16 	91.46 	10.39 	400
1999	8	64.41 	102.38 	9.55 	202
1999	9	56.07 	82.33 	6.38 	126
1999	10	55.59 	43.29 	1.67 	158
1999	11	4.54 	34.40 	-6.09 	92.7
1999	12	1.93 	26.07 	-14.22 	54.7
2000	1	6.29 	28.00 	-14.13 	39.3
2000	2	10.87 	29.45 	-12.68 	37
2000	3	18.40 	57.71 	-5.39 	50.2
2000	4	21.17 	94.82 	-0.62 	61.1
2000	5	43.87 	117.64 	4.18 	67.4
2000	6	105.54 	96.89 	8.04 	98.9
2000	7	37.17 	145.90 	10.13 	79.8
2000	8	95.44 	99.91 	8.35 	82.4
2000	9	99.36 	62.52 	5.79 	129
2000	10	50.47 	50.43 	0.73 	161
2000	11	9.63 	31.81 	-6.86 	84
2000	12	5.14 	22.14 	-12.79 	61.8
2001	1	6.76 	26.05 	-13.84 	36.7
2001	2	9.19 	32.78 	-9.45 	41.2
2001	3	5.54 	72.15 	-6.31 	39
2001	4	46.07 	81.47 	-0.70 	47.8
2001	5	48.49 	100.60 	3.17 	69.9
2001	6	73.30 	108.30 	6.84 	89.4
2001	7	88.04 	124.12 	9.87 	113
2001	8	82.67 	107.84 	8.71 	129
2001	9	101.40 	68.44 	7.41 	260
2001	10	41.01 	54.64 	1.53 	235
2001	11	6.73 	32.67 	-6.17 	107
2001	12	4.91 	25.43 	-12.51 	68.6
2002	1	8.11 	24.95 	-14.56 	43.2
2002	2	3.61 	42.88 	-9.47 	46.5
2002	3	12.93 	68.52 	-4.95 	44.9
2002	4	29.01 	107.51 	0.88 	47.8
2002	5	112.53 	84.10 	3.63 	140
2002	6	94.37 	109.13 	8.87 	176
2002	7	45.31 	123.81 	10.28 	37.5
2002	8	55.90 	120.26 	8.17 	82.7
2002	9	66.46 	80.51 	6.11 	71.4
2002	10	17.61 	67.94 	-1.72 	52.5
2002	11	6.50 	34.28 	-8.73 	36.7
2002	12	3.43 	28.81 	-12.96 	34.8
2003	1	3.19 	30.87 	-15.20 	27.8
2003	2	5.90 	41.07 	-9.44 	32.8
2003	3	21.27 	66.77 	-4.33 	45.5
2003	4	39.57 	93.52 	0.29 	39.8
2003	5	83.67 	102.83 	4.56 	90.2
2003	6	60.17 	124.14 	7.01 	69.3
2003	7	135.40 	111.36 	10.16 	113
2003	8	144.14 	88.50 	10.74 	334
2003	9	86.97 	78.04 	6.23 	302
2003	10	51.64 	47.16 	0.67 	299
2003	11	9.60 	33.09 	-5.10 	142
2003	12	3.37 	25.66 	-11.75 	82.2
2004	1	4.79 	27.78 	-14.26 	46.40 
2004	2	5.67 	44.96 	-11.78 	47.02 
2004	3	11.64 	73.84 	-4.67 	55.70 
2004	4	23.93 	106.13 	0.24 	46.30 
2004	5	62.40 	97.06 	3.15 	56.60 
2004	6	75.30 	93.78 	7.34 	77.30 
2004	7	136.06 	116.00 	8.66 	195.00 
2004	8	92.57 	107.38 	9.75 	235.00 
2004	9	83.53 	71.63 	5.77 	191.00 
2004	10	31.57 	49.47 	0.04 	181.00 
2004	11	6.63 	33.68 	-7.88 	94.90 
2004	12	5.56 	24.30 	-11.26 	68.70 
2005	1	6.44 	26.65 	-13.34 	50.50 
2005	2	10.13 	34.04 	-9.78 	49.60 
2005	3	25.01 	55.20 	-4.83 	56.10 
2005	4	28.11 	89.06 	-0.07 	103.00 
2005	5	92.20 	108.35 	4.76 	137.00 
2005	6	67.91 	108.21 	8.25 	155.00 
2005	7	124.59 	94.47 	10.60 	243.00 
2005	8	84.54 	96.08 	10.26 	211.00 
2005	9	118.74 	81.49 	7.54 	340.00 
2005	10	63.66 	41.31 	0.56 	486.00 
2005	11	8.57 	28.95 	-6.56 	168.00 
2005	12	2.30 	25.53 	-13.73 	86.80 
2006	1	3.84 	32.77 	-11.75 	65.55 
2006	2	10.31 	31.10 	-8.84 	64.06 
2006	3	10.17 	64.19 	-5.62 	60.62 
2006	4	35.64 	85.36 	-0.65 	69.62 
2006	5	63.16 	115.35 	3.64 	100.33 
2006	6	70.76 	118.78 	8.01 	98.89 
2006	7	97.36 	132.33 	12.08 	125.79 
2006	8	121.31 	120.73 	10.69 	166.12 
2006	9	75.53 	77.10 	6.20 	259.90 
2006	10	47.19 	61.55 	1.31 	158.55 
2006	11	8.19 	35.10 	-6.04 	103.11 
2006	12	6.77 	18.81 	-12.77 	66.04 
2007	1	6.40 	23.91 	-15.03 	54.58 
2007	2	4.76 	40.76 	-9.75 	50.34 
2007	3	24.31 	61.20 	-4.12 	58.60 
2007	4	34.17 	88.02 	-0.46 	53.90 
2007	5	72.97 	121.90 	4.90 	65.49 
2007	6	124.34 	101.05 	7.23 	177.78 
2007	7	98.23 	107.24 	9.71 	221.10 
2007	8	106.53 	102.47 	10.90 	159.77 
2007	9	85.54 	74.88 	5.84 	241.53 
2007	10	85.41 	37.18 	1.72 	370.74 
2007	11	3.46 	33.29 	-6.88 	152.38 
2007	12	3.24 	25.21 	-11.00 	88.80 
2008	1	16.53 	22.32 	-13.86 	42.16 
2008	2	9.27 	22.48 	-15.03 	57.56 
2008	3	16.43 	63.46 	-3.84 	69.52 
2008	4	36.53 	85.78 	0.39 	81.86 
2008	5	41.87 	126.50 	4.10 	66.27 
2008	6	106.24 	112.24 	6.86 	66.91 
2008	7	79.43 	126.90 	8.93 	81.95 
2008	8	100.89 	96.28 	8.74 	180.62 
2008	9	107.54 	68.45 	6.79 	172.17 
2008	10	54.39 	48.83 	1.26 	172.55 
2008	11	10.56 	26.75 	-5.87 	169.43 
2008	12	1.83 	28.66 	-12.92 	133.79 
2009	1	3.44 	30.92 	-14.42 	35.23 
2009	2	7.23 	40.54 	-8.20 	42.33 
2009	3	18.40 	56.86 	-4.58 	57.44 
2009	4	33.11 	94.30 	1.72 	100.26 
2009	5	72.81 	94.71 	4.46 	112.99 
2009	6	60.09 	111.23 	8.45 	87.89 
2009	7	94.56 	104.00 	11.19 	127.86 
2009	8	111.33 	87.07 	9.08 	171.29 
2009	9	57.60 	68.86 	7.50 	212.20 
2009	10	32.46 	47.69 	0.77 	91.19 
2009	11	9.90 	31.36 	-7.88 	112.87 
2009	12	1.99 	26.99 	-12.52 	157.77 
2010	1	2.34 	34.69 	-13.20 	43.98 
2010	2	4.16 	44.07 	-9.85 	41.55 
2010	3	18.69 	71.73 	-4.93 	47.36 
2010	4	20.74 	94.60 	-1.03 	56.16 
2010	5	92.10 	107.27 	5.30 	90.44 
2010	6	71.06 	90.30 	8.68 	114.65 
2010	7	96.01 	111.84 	11.71 	132.18 
2010	8	102.47 	114.85 	10.58 	133.17 
2010	9	76.66 	80.27 	7.51 	103.42 
2010	10	40.77 	52.46 	0.24 	107.74 
2010	11	2.16 	35.44 	-8.25 	108.90 
2010	12	1.89 	29.58 	-15.62 	126.69 
2011	1	7.64 	23.68 	-16.37 	56.07 
2011	2	5.41 	38.69 	-9.93 	40.91 
2011	3	13.36 	57.12 	-8.13 	38.15 
2011	4	22.36 	101.67 	0.64 	36.78 
2011	5	62.26 	102.30 	4.11 	67.05 
2011	6	73.11 	112.34 	8.40 	80.47 
2011	7	98.69 	112.18 	9.50 	177.61 
2011	8	81.70 	127.02 	9.05 	111.19 
2011	9	108.71 	66.43 	7.27 	238.30 
2011	10	37.41 	52.62 	0.92 	180.92 
2011	11	21.47 	30.93 	-4.11 	135.58 
2011	12	4.10 	22.14 	-11.66 	116.70 
2012	1	15.50 	18.50 	-15.05 	58.57 
2012	2	11.73 	26.01 	-9.74 	50.39 
2012	3	22.21 	50.97 	-4.17 	70.18 
2012	4	33.86 	93.24 	0.43 	108.81 
2012	5	95.94 	89.53 	5.45 	182.81 
2012	6	76.60 	105.67 	8.41 	192.90 
2012	7	172.70 	90.74 	11.57 	272.13 
2012	8	95.24 	97.94 	10.79 	482.94 
2012	9	81.10 	80.47 	6.01 	315.27 
2012	10	45.04 	48.43 	0.83 	191.06 
2012	11	5.23 	31.82 	-8.20 	124.63 
2012	12	4.09 	29.07 	-12.82 	80.37 
2013	1	3.54 	26.22 	-14.88 	66.44 
2013	2	11.49 	37.77 	-9.22 	82.43 
2013	3	0.87 	85.57 	-3.77 	101.51 
2013	4	38.19 	96.51 	-0.03 	90.39 
2013	5	92.91 	91.79 	4.56 	150.11 
2013	6	73.13 	111.17 	8.87 	172.87 
2013	7	171.14 	80.71 	11.31 	423.06 
2013	8	69.91 	127.61 	10.41 	339.68 
2013	9	81.03 	75.71 	5.94 	241.10 
2013	10	23.21 	59.29 	0.32 	108.26 
2013	11	11.54 	29.44 	-7.15 	69.87 
2013	12	3.27 	22.66 	-13.61 	60.32 
2014	1	1.31 	30.65 	-14.22 	71.38 
2014	2	16.41 	30.82 	-9.95 	72.73 
2014	3	9.80 	66.30 	-3.98 	113.05 
2014	4	70.71 	75.35 	1.01 	113.34 
2014	5	43.59 	101.86 	3.94 	112.64 
2014	6	75.90 	100.54 	9.22 	125.19 
2014	7	85.49 	114.96 	9.87 	126.79 
2014	8	96.29 	97.96 	8.91 	134.87 
2014	9	112.73 	69.41 	6.95 	202.63 
2014	10	35.99 	53.32 	1.79 	217.94 
2014	11	4.77 	27.87 	-5.23 	210.10 
2014	12	2.69 	24.71 	-12.94 	115.78 
2015	1	8.84 	26.29 	-13.35 	72.84 
2015	2	4.81 	37.87 	-9.72 	67.19 
2015	3	10.36 	65.74 	-3.69 	51.95 
2015	4	34.13 	84.65 	0.24 	85.01 
2015	5	58.33 	91.69 	4.20 	118.46 
2015	6	71.77 	95.00 	9.09 	146.90 
2015	7	62.70 	119.51 	8.08 	173.77 
2015	8	62.33 	122.11 	8.22 	113.99 
2015	9	67.53 	73.81 	7.15 	82.58 
2015	10	27.39 	65.71 	0.62 	77.67 
2015	11	10.29 	36.96 	-4.26 	67.77 
2015	12	3.51 	25.43 	-13.13 	76.48 
